%YAML:1.0
---
corners: !!opencv-matrix
   rows: 88
   cols: 1
   dt: "2f"
   data: [ 1.03473889e+03, 6.84096130e+02, 9.82535767e+02,
       6.85201904e+02, 9.30490845e+02, 6.86409241e+02, 8.77957458e+02,
       6.87438049e+02, 8.25514221e+02, 6.88430664e+02, 7.72749939e+02,
       6.89416138e+02, 7.20106018e+02, 6.90369629e+02, 6.67292297e+02,
       6.91250793e+02, 6.14365173e+02, 6.92229492e+02, 5.61753906e+02,
       6.93032654e+02, 5.09264374e+02, 6.93928101e+02, 1.03332251e+03,
       6.31672485e+02, 9.81385071e+02, 6.32921082e+02, 9.29341675e+02,
       6.33733765e+02, 8.76729065e+02, 6.34798706e+02, 8.24398132e+02,
       6.35757874e+02, 7.71680115e+02, 6.36744812e+02, 7.19164307e+02,
       6.37569580e+02, 6.66373108e+02, 6.38637268e+02, 6.13554932e+02,
       6.39555237e+02, 5.60935913e+02, 6.40355530e+02, 5.08457031e+02,
       6.41296570e+02, 1.03204407e+03, 5.79552979e+02, 9.80107666e+02,
       5.80713257e+02, 9.28071167e+02, 5.81547485e+02, 8.75636902e+02,
       5.82526123e+02, 8.23231262e+02, 5.83411865e+02, 7.70691162e+02,
       5.84445496e+02, 7.18014771e+02, 5.85349365e+02, 6.65421936e+02,
       5.86300720e+02, 6.12614929e+02, 5.87189697e+02, 5.60232483e+02,
       5.88121582e+02, 5.07618469e+02, 5.88749634e+02, 1.03062952e+03,
       5.27360962e+02, 9.78705200e+02, 5.28445007e+02, 9.26750427e+02,
       5.29103882e+02, 8.74562561e+02, 5.30110229e+02, 8.22205444e+02,
       5.31149353e+02, 7.69690491e+02, 5.31957764e+02, 7.17150146e+02,
       5.32895935e+02, 6.64521790e+02, 5.33675781e+02, 6.11759827e+02,
       5.34653870e+02, 5.59372314e+02, 5.35635742e+02, 5.06983490e+02,
       5.36550110e+02, 1.02931079e+03, 4.75346893e+02, 9.77476929e+02,
       4.76262970e+02, 9.25571777e+02, 4.76985382e+02, 8.73390259e+02,
       4.77787140e+02, 8.20994507e+02, 4.78708771e+02, 7.68625305e+02,
       4.79580231e+02, 7.16209595e+02, 4.80490845e+02, 6.63505066e+02,
       4.81481079e+02, 6.10945374e+02, 4.82544739e+02, 5.58633789e+02,
       4.83364746e+02, 5.06314850e+02, 4.84269104e+02, 1.02772363e+03,
       4.23314331e+02, 9.76190613e+02, 4.24249725e+02, 9.24402649e+02,
       4.24847870e+02, 8.72154114e+02, 4.25713196e+02, 8.19864868e+02,
       4.26512512e+02, 7.67534546e+02, 4.27374359e+02, 7.15204102e+02,
       4.28360748e+02, 6.62645752e+02, 4.29341827e+02, 6.10161560e+02,
       4.30262939e+02, 5.57963989e+02, 4.31303864e+02, 5.05597565e+02,
       4.32203705e+02, 1.02637109e+03, 3.71771332e+02, 9.74694885e+02,
       3.72461487e+02, 9.23026184e+02, 3.73317444e+02, 8.70970825e+02,
       3.73842682e+02, 8.18707214e+02, 3.74690918e+02, 7.66496216e+02,
       3.75508148e+02, 7.14114685e+02, 3.76450623e+02, 6.61704285e+02,
       3.77458679e+02, 6.09363159e+02, 3.78492920e+02, 5.57251892e+02,
       3.79471893e+02, 5.05047180e+02, 3.80518524e+02, 1.02479993e+03,
       3.19842896e+02, 9.73259583e+02, 3.20642212e+02, 9.21672546e+02,
       3.21311066e+02, 8.69652954e+02, 3.22032532e+02, 8.17515137e+02,
       3.22744843e+02, 7.65548950e+02, 3.23619781e+02, 7.13216370e+02,
       3.24527222e+02, 6.60701172e+02, 3.25422546e+02, 6.08458435e+02,
       3.26570587e+02, 5.56413635e+02, 3.27566986e+02, 5.04419708e+02,
       3.28694946e+02 ]
