%YAML:1.0
---
mat2d: !!opencv-matrix
   rows: 2
   cols: 3
   dt: d
   data: [ 1., 0., 0., 1.5667486854062171e-15, 1.0000000000000020e+00,
       -3.6209438271653907e-12 ]
