%YAML:1.0
---
mat2d: !!opencv-matrix
   rows: 2
   cols: 3
   dt: d
   data: [ 2.9695796397559121e-02, 1.0304826274496486e+00,
       -1.5638521889753085e+00, -4.1899036556510316e-01,
       -3.5814455048738241e+00, 3.9848877492103391e+01 ]
