%YAML:1.0
---
corners: !!opencv-matrix
   rows: 54
   cols: 1
   dt: "2f"
   data: [ 6.22883972e+02, 3.33804016e+02,
           6.71718018e+02,3.61095184e+02,
           7.20405029e+02, 3.88639404e+02,
           7.69766296e+02,4.16073181e+02,
           8.17920959e+02, 4.42776398e+02, 8.66132996e+02,
       4.69887421e+02, 9.14707520e+02, 4.96904114e+02, 9.62635010e+02,
       5.23698181e+02, 1.01044537e+03, 5.50293091e+02, 5.95640930e+02,
       3.79162140e+02, 6.44705627e+02, 4.06395477e+02, 6.93996765e+02,
       4.33958862e+02, 7.43665710e+02, 4.61350677e+02, 7.92518616e+02,
       4.88485565e+02, 8.41186951e+02, 5.15539856e+02, 8.89939026e+02,
       5.42788086e+02, 9.38615967e+02, 5.69709839e+02, 9.87053101e+02,
       5.96563293e+02, 5.67417053e+02, 4.24905029e+02, 6.17422241e+02,
       4.52456787e+02, 6.67019348e+02, 4.79676422e+02, 7.17457947e+02,
       5.07358734e+02, 7.66694946e+02, 5.34512573e+02, 8.16075989e+02,
       5.61912231e+02, 8.65059570e+02, 5.89151794e+02, 9.13995239e+02,
       6.16404541e+02, 9.62444214e+02, 6.43432678e+02, 5.39384277e+02,
       4.71571930e+02, 5.89639648e+02, 4.98733826e+02, 6.39769226e+02,
       5.26525024e+02, 6.90409363e+02, 5.53968628e+02, 7.40292725e+02,
       5.81681824e+02, 7.89843628e+02, 6.09190186e+02, 8.39534546e+02,
       6.36644104e+02, 8.88818115e+02, 6.63989075e+02, 9.38004700e+02,
       6.91288757e+02, 5.10858307e+02, 5.18302673e+02, 5.61609131e+02,
       5.45598694e+02, 6.12200867e+02, 5.73434021e+02, 6.63404602e+02,
       6.01580322e+02, 7.13560852e+02, 6.29360352e+02, 7.63448059e+02,
       6.56921936e+02, 8.13655273e+02, 6.84635315e+02, 8.63319824e+02,
       7.12151917e+02, 9.12967957e+02, 7.39567566e+02, 4.81367004e+02,
       5.66101563e+02, 5.32511230e+02, 5.93890503e+02, 5.83541321e+02,
       6.22478760e+02, 6.35153503e+02, 6.50952148e+02, 6.85702576e+02,
       6.78824707e+02, 7.36510803e+02, 7.06478577e+02, 7.86839539e+02,
       7.34037903e+02, 8.37528076e+02, 7.61775513e+02, 8.87560486e+02,
       7.88972961e+02 ]
