%YAML:1.0
---
mat2d: !!opencv-matrix
   rows: 2
   cols: 3
   dt: d
   data: [ -9.5549109244168162e-01, 4.9108819997497099e-03,
       1.5970943136376607e+03, -1.1881624736178136e-03,
       -9.5250702988441716e-01, 5.8754060506051792e+02 ]
